"type_logement" "annee_construction" "surface_habitable" "type_energie_chauffage" "conso_energie" "classe_conso_energie" "emission_ges"
1 1988 25 2 300.44 "C" 13.23
1 1996 64 1 148.17 "D" 34.67
1 1970 46 2 257 "C" 12
2 1958 74 1 317.03 "F" 74.18
1 2013 38 1 53.42 "C" 12.5
2 2006 65 2 176.09 "B" 6.09
2 1948 127 1 229 "E" 39
1 2019 39 2 66.44 "C" 15.55
1 1960 126 1 172.22 "E" 40.3
1 2004 43 2 228.3 "B" 9.64
1 1982 38 2 228.91 "B" 10.02
1 1974 34 2 209.15 "C" 14.69
2 2004 95 2 198.57 "B" 9.68
1 1948 74 1 268 "F" 62
1 2006 35 2 226 "B" 9
2 1989 81 1 124 "D" 29
1 2010 35 2 162 "B" 7
2 2006 85 2 206 "B" 10
2 1947 150 1 99 "D" 23
2 1998 101 3 128.72 "C" 19.72
1 1970 46 1 175.33 "E" 41.02
1 1947 65 1 210 "E" 49
1 2008 39 2 173.2 "A" 5.71
1 2004 64 2 155.78 "A" 5.63
2 2006 102 2 200 "B" 10
2 1955 130 1 328 "E" 49
1 1948 70 2 212 "D" 33
2 1947 104 2 244.69 "B" 7.96
2 2006 74 1 89 "C" 20
1 2008 41 2 291.45 "C" 14.24
1 2017 63 1 46.77 "B" 10.94
1 1989 77 1 149 "D" 35
1 2006 83 2 121 "A" 4
2 1967 67 1 168 "E" 39
1 1987 50 1 167.17 "E" 39.12
1 1900 20 2 301.06 "B" 9.8
1 2018 41 1 58.95 "C" 13.8
1 2000 50 2 155 "B" 7
1 2012 63 1 101.13 "D" 23.66
1 2007 53 2 225 "B" 8
1 1948 59 1 279 "F" 65
1 1970 54 1 145.31 "D" 34
1 2015 58 2 61.57 "C" 12.65
1 1948 80 1 210 "E" 49
2 2015 160 2 92 "A" 3
1 2013 20 2 195.77 "B" 6.37
2 1988 148 1 83.9 "C" 19.63
1 1960 55 3 176.91 "E" 50.86
1 1969 76 1 118 "D" 27
1 2006 62 2 165 "B" 6
1 1983 50 1 198 "E" 46
1 1989 72 2 163 "B" 6
1 2001 57 2 247 "C" 11
1 2008 61 2 169 "B" 8
2 1971 55 2 582.89 "E" 50.27
1 1948 66 1 138 "D" 32
2 1989 84 1 133 "D" 31
1 2006 42 2 186.33 "B" 6.31
1 2001 37 2 289 "C" 13
2 1948 127 1 329 "F" 77
1 2016 63 2 50.59 "A" 2.8
1 2014 61 1 83.81 "C" 19.61
1 1965 61 1 188.65 "E" 44.14
1 2014 45 1 64.6 "C" 15.12
1 1900 105 1 191.96 "E" 44.92
1 2006 87 1 81 "C" 16
1 1988 20 2 154.56 "B" 6.45
2 1983 85 1 163 "D" 30
2 1983 142 2 200 "B" 9
1 2001 85 2 190 "B" 10
2 2003 73 2 199.01 "B" 9.25
2 1947 168 3 313 "E" 36
1 1970 19 1 257.73 "F" 60.31
2 1947 120 2 207.3 "B" 6.75
2 1948 210 2 189.32 "B" 9.05
2 2002 155 1 156 "E" 36
2 1988 110 2 233.28 "B" 10.52
1 1948 36 1 331 "F" 77
2 1984 108 1 222 "E" 52
1 1999 82 2 169.3 "B" 7.54
1 2005 49 2 212.89 "B" 9.23
2 1978 80 1 171 "E" 40
1 2000 35 2 312.98 "C" 14.39
1 1975 28 2 347 "C" 17
1 1960 94 1 187.5 "A" 3.75
1 1992 20 2 399.24 "D" 21.17
2 1989 105 2 303 "C" 13
2 2007 111 2 200.68 "B" 9.96
2 1948 140 1 184 "E" 43
1 1989 46 2 282 "C" 15
1 1951 76 1 251.76 "F" 58.91
1 2001 55 2 154 "A" 5
2 1965 101 1 428.74 "G" 100.32
2 1992 106 2 175 "B" 10
1 1970 33 1 263.44 "F" 61.64
2 2006 190 2 98 "A" 5
2 2018 118 1 47.43 "C" 13.85
1 2018 86 1 42.98 "C" 11.61
2 2013 1305 1 40.69 "B" 9.52
1 1948 49 1 210 "E" 49
1 1947 63 2 534 "C" 17
1 2002 63 2 211.09 "B" 9.47
1 1997 28 2 194.61 "B" 6.78
1 1947 38 2 219.07 "B" 7.13
2 2001 142 2 85 "A" 4
1 1989 64 2 215 "C" 11
2 1978 102 1 165 "E" 38
1 1974 39 3 291.85 "C" 14.12
1 2006 68 2 211 "B" 9
1 1989 31 2 198 "B" 9
1 2018 40 1 57.44 "C" 13.19
2 1989 72 2 228 "B" 10
1 2001 32 2 336 "C" 16
1 1960 60 1 237 "E" 55.46
1 1989 41 2 321 "C" 16
2 2014 108 1 39.77 "A" 4.94
1 1948 18 2 364 "C" 18
2 2006 230 2 100 "A" 4
1 2019 47 1 55.64 "C" 13.02
1 1983 16 2 357 "C" 16
1 2018 43 1 57.45 "C" 13.18
1 1989 60 2 201 "B" 8
1 2006 82 2 117 "B" 6
1 2018 31 1 55.14 "C" 12.59
1 1962 49 1 198.36 "E" 46.42
1 2002 63 2 186 "B" 9
1 2010 18 2 270.02 "B" 9.19
2 1993 78 2 278.28 "C" 14.62
2 1957 120 1 312.71 "F" 73.17
1 1947 195 1 172 "C" 20
1 2015 63 2 48.85 "B" 10.29
1 2004 44 2 217.76 "B" 8.67
1 1978 66 1 166.35 "E" 38.93
2 1968 115 1 361.59 "G" 84.61
2 2013 85 2 144 "A" 3
1 2018 20 2 63.01 "A" 3.01
1 1980 18 2 344 "C" 16
1 1992 38 2 207 "B" 10
1 2010 58 1 97.41 "D" 22.8
2 1947 145 1 137 "D" 32
2 2001 170 2 137 "D" 34
1 2001 64 2 195.13 "B" 8.41
1 1974 75 1 73.57 "C" 17.21
1 2016 43 1 42.74 "B" 10
1 1947 102 1 122 "D" 28
1 1991 17 2 236 "B" 7
2 2006 104 2 145.78 "A" 5.37
2 1991 78 1 128.35 "D" 30.03
1 2005 44 2 204.17 "B" 8.73
1 2013 63 1 55.73 "C" 13.04
1 2014 58 1 43.26 "B" 10.12
1 1992 65 2 251.56 "C" 12.16
1 2000 46 2 261.13 "C" 12.05
1 2013 45 1 47.05 "C" 11.01
2 2006 183 2 146 "B" 6
2 1947 195 2 162.2 "A" 4.43
2 2001 160 1 91 "C" 11
1 1951 59 1 132.21 "D" 30.94
1 2018 58 1 51.41 "C" 12.03
1 1999 48 2 214.06 "B" 9.37
1 1989 96 1 74 "C" 17
1 1947 57 1 220 "E" 51
2 1974 70 1 269.37 "F" 63.03
2 1981 103 2 319.81 "C" 18.5
2 2010 200 2 107 "A" 3
1 1948 120 1 174 "E" 40
1 2019 70 1 49.52 "C" 11.59
2 2000 88 2 158 "B" 7
1 2016 62 1 50.3 "C" 11.77
1 2016 84 1 59.07 "C" 13.82
1 2000 25 2 277 "C" 13
2 2006 93 2 218 "B" 10
2 2012 123 2 127.3 "A" 4.56
2 1983 173 2 190 "B" 10
1 1970 44 1 413 "G" 96
2 1948 95 1 165 "E" 38
2 1948 86 3 320 "F" 75
1 2019 66 1 53.91 "C" 12.61
1 2004 29 2 258 "C" 11
1 1947 23 2 395.01 "C" 12.86
2 1985 116 1 128 "D" 30
1 1989 29 2 276 "C" 11
2 1970 130 1 230 "E" 54
2 1947 76 1 126 "D" 29
2 1981 95 1 204.42 "E" 40.75
2 1987 144 2 372.89 "D" 23.21
1 1978 62 2 190 "B" 8
1 1947 74 2 223 "B" 7
1 1989 50 2 192 "B" 7
1 1957 68 1 225.36 "E" 52.73
1 2018 27 1 54.56 "B" 10.69
1 1978 66 1 224.14 "E" 52.45
2 1991 111 2 281 "C" 15
1 2006 20 2 173.08 "B" 7.76
2 1948 89 2 260 "C" 15
2 1974 132 3 220.84 "F" 66.25
2 2011 115 2 114.98 "A" 3.64
2 1947 73 2 223.01 "B" 7.26
1 2016 85 2 43.28 "C" 12.04
2 2001 144 1 113.27 "D" 26.51
1 2000 81 1 78 "C" 18
1 1998 72 2 168.24 "B" 6.68
2 2018 81 1 42.58 "C" 11.68
1 2018 18 2 96.54 "A" 4.07
2 1900 394 1 85.13 "C" 19.92
1 1900 56 2 221.52 "B" 7.21
2 1986 163 2 176.13 "B" 9.62
2 1947 128 2 387 "C" 12
1 2000 36 2 183 "B" 8
2 2019 104 1 48.31 "C" 14.2
1 2005 46 2 152.67 "A" 4.86
1 2019 40 2 65.82 "C" 15.4
2 1974 105 3 345 "G" 104
1 2015 53 1 34.97 "B" 8.18
1 1996 46 2 267.11 "C" 12.86
1 2019 67 1 60.14 "C" 14.07
2 2006 159 2 171.33 "B" 8.21
1 2017 60 1 61.1 "C" 14.3
1 2017 19 2 213.27 "B" 6.94
1 1998 48 2 174 "B" 6
1 2001 59 2 212 "B" 9
1 1989 71 1 110 "D" 25
1 2006 34 2 166 "B" 7
1 2015 61 2 29.02 "B" 6.79
2 1947 86 1 53 "C" 12
2 1978 110 2 145 "D" 32
1 2006 56 2 201 "B" 8
1 1980 93 1 230.49 "E" 53.93
2 2016 81 1 45.45 "C" 11.32
2 1948 96 1 234 "E" 54
1 2007 41 2 175 "B" 8
1 1991 43 2 327 "C" 16
1 2019 41 1 50.78 "C" 11.88
1 2017 66 1 62.73 "C" 14.68
1 2015 41 1 30.01 "B" 7.02
1 2016 105 2 43.62 "A" 2.07
1 2004 44 2 233.62 "B" 10.33
1 2015 82 1 49.28 "C" 11.53
2 1947 75 2 357 "B" 8
2 1964 80 1 328.61 "F" 76.89
1 2019 68 1 52.38 "C" 12.26
1 1989 62 2 203 "B" 8
1 1998 70 2 169.34 "B" 6.88
1 2006 61 2 167 "B" 6
2 1989 171 2 163 "B" 7
1 2020 34 2 49.97 "A" 3.28
1 2001 56 2 217 "B" 9
1 1999 43 2 287 "C" 14
2 1985 89 2 289 "C" 16.14
1 2019 69 1 61.99 "C" 14.51
1 1947 42 2 393 "C" 12
1 2008 79 2 155 "B" 6
2 1987 135 2 115.37 "C" 18.82
1 1948 88 2 135 "A" 5
2 1947 146 1 190 "E" 44
2 1948 240 2 223 "D" 30
1 1983 19 2 180 "B" 8
1 2004 36 2 179.18 "A" 5.84
2 1986 128 1 143.17 "D" 25.57
1 1968 56 1 271.11 "F" 63.44
1 1947 43 1 69 "C" 16
1 1983 20 2 319 "C" 14
1 1947 27 1 266 "F" 62
1 1988 63 2 217.69 "B" 9.93
2 1969 216 1 286.58 "F" 67.06
1 2004 54 2 112 "A" 4
1 2001 63 2 185 "B" 7
1 1978 23 2 378.1 "C" 18.96
1 2015 66 1 37.87 "B" 8.86
2 1975 252 3 170 "E" 38
1 1948 70 1 158 "E" 37
1 2000 104 1 109.95 "D" 25.73
1 2010 69 1 124.32 "D" 29.09
2 1989 110 1 166 "E" 38
2 1947 116 2 104.72 "A" 3.4
2 1979 143 1 225.94 "E" 52.87
1 2013 1128 1 47.15 "C" 11.03
1 1989 20 2 203 "B" 6
2 1970 81 1 288.91 "F" 67.6
2 2010 150 2 106.63 "A" 4.03
1 2012 41 2 241.09 "C" 11.36
2 1947 96 2 319 "F" 59
1 2019 42 1 62.22 "C" 14.23
1 2001 42 2 246 "C" 11
1 1994 50 2 209.45 "B" 7.89
2 1970 134 2 160.62 "B" 6.02
1 2000 103 2 122.89 "A" 4.65
1 2018 69 1 50.78 "C" 11.88
2 1983 110 1 120 "D" 23
1 2017 40 2 48.37 "C" 10.99
1 2014 62 1 40.89 "B" 9.57
1 2018 40 1 122.99 "A" 2.79
1 2006 63 2 110 "A" 4
2 1965 78 3 591.35 "G" 143.36
1 1975 76 2 146 "B" 7
2 1970 164 1 227.78 "E" 53.3
1 2001 71 2 234.9 "C" 13.16
1 2017 40 1 57.01 "C" 13.34
1 1948 69 1 173 "D" 27
1 1989 74 2 147 "B" 7
1 2002 53 2 230 "B" 10
1 1948 94 2 219 "E" 46
1 2018 62 1 51.68 "C" 12.09
1 2001 52 2 191 "B" 7
1 2011 60 2 125 "A" 5
1 2006 43 2 147.73 "A" 4.3
1 1983 67 2 320 "C" 16
1 2006 42 2 208 "B" 10
1 1998 69 2 187 "B" 8
2 1981 85 2 339.48 "C" 18.8
1 2015 62 1 35.65 "B" 8.34
2 2006 85 1 120 "D" 28
1 2019 43 1 60.5 "C" 14.16
2 1989 150 1 91 "D" 21
1 1968 37 1 202.54 "E" 47.39
1 2004 42 2 238.21 "B" 10.3
1 2006 53 2 214 "B" 9
1 1962 68 2 197 "B" 10
2 1989 196 1 207 "E" 48
2 1930 136 1 217.1 "E" 50.8
1 2020 64 1 60.66 "C" 14.19
1 2015 61 2 55.15 "C" 11.46
1 1983 31 2 249 "B" 9
1 2018 68 1 59.51 "C" 13.92
2 1992 99 2 223 "B" 9
1 1972 77 1 159.95 "E" 37.43
2 1947 120 3 226 "E" 39
1 1947 55 1 96 "D" 22
2 2013 197 2 119.2 "A" 5.12
1 1990 48 2 307.18 "C" 15.42
1 2013 56 1 38.24 "B" 8.95
1 2005 60 2 163 "B" 7
2 2010 105 2 206.89 "B" 10.53
1 1996 40 2 217.01 "B" 8.66
2 1972 131 2 323.51 "C" 15.25
1 2008 63 2 250.72 "C" 12.69
1 1978 96 1 101 "D" 23
1 1983 90 1 136 "D" 32
1 2019 63 1 67.42 "C" 15.48
1 1974 54 1 205.28 "E" 48.03
1 1999 21 2 316 "C" 17
2 1966 104 2 228.36 "B" 7.7
1 1994 29 2 309.35 "C" 14.9
2 1990 126 2 178 "A" 5
1 1999 40 2 287.29 "C" 13.76
1 2016 54 1 52.92 "C" 12.38
1 1977 39 1 211.93 "E" 49.59
1 1993 58 2 252 "C" 12
1 1976 30 1 328.48 "F" 76.86
1 2016 41 1 50.09 "C" 11.72
2 1970 131 2 559.52 "D" 29.98
2 2015 130 2 43.51 "A" 2.21
1 1999 32 2 297.08 "C" 13.7
1 1947 50 2 88 "C" 20
2 1969 163 2 284 "E" 40
2 2003 82 2 217.37 "B" 10.54
2 2001 158 2 85 "A" 2
1 1947 72 1 117 "D" 27
2 1991 115 2 266.55 "C" 15.08
1 1970 84 1 143 "D" 33
1 2006 47 2 193 "B" 7
1 2015 183 1 72 "C" 15
1 1948 41 1 146 "D" 34
2 1948 90 3 314 "G" 94
2 2008 106 2 121 "C" 20
1 2013 46 2 139.75 "A" 4.55
2 2006 227 2 115 "A" 5
1 1948 65 2 122 "A" 5
1 1965 57 1 142.51 "D" 33.35
1 2015 23 1 50.2 "C" 11.75
2 1997 92 2 217.23 "C" 11.2
1 1974 110 3 260 "F" 78
1 1982 43 2 392.95 "C" 20.72
1 1983 70 2 189 "B" 8
1 1970 40 2 407.54 "E" 36.02
1 2019 40 1 41.92 "B" 9.81
1 1988 22 2 154.56 "B" 6.45
1 1988 20 2 170 "B" 7
2 1991 108 1 147 "D" 34
1 1993 57 1 109.24 "D" 25.56
2 1999 66 1 139 "D" 32
2 2006 92 2 143 "A" 5
2 1988 92 2 227.15 "B" 10.56
1 1960 71 1 148 "D" 34
2 2005 83 2 107.85 "A" 5.62
2 1960 87 3 279.36 "F" 65.79
1 2003 38 2 306.25 "C" 14.94
1 1974 46 1 262.21 "F" 61.35
1 1970 69 1 164.8 "E" 38.56
1 1947 115 1 215 "D" 35
1 1989 43 2 162 "B" 7
2 1956 66 1 426.85 "G" 99.88
2 1985 112 2 210 "B" 9
1 1997 63 2 148 "B" 7
2 1993 169 2 227 "C" 13
2 1947 63 1 123 "D" 28
1 1947 26 2 212 "B" 6
1 2016 62 1 46.64 "B" 10.91
2 2008 67 1 101 "D" 23
1 2000 60 2 246.35 "C" 11.45
2 1989 192 2 76 "C" 16
1 1988 31 2 263.78 "C" 11.88
1 1983 20 2 243 "C" 12
2 1991 210 3 131.2 "D" 23.31
1 2016 82 1 45.53 "B" 10.65
1 1950 25 2 328.32 "C" 15.78
2 1947 60 2 197 "B" 6
2 1981 98 2 270.01 "E" 40.47
1 2001 57 2 223 "B" 9
2 1977 98 2 466.49 "D" 28.42
1 2017 43 1 54.95 "C" 12.86
1 2019 66 2 61.28 "A" 2.9
1 2017 45 2 47.96 "C" 11.22
2 2017 127 1 34.18 "B" 10.11
1 2018 37 2 34.22 "B" 8.01
1 2016 58 1 39.6 "B" 9.27
2 1989 110 2 154 "B" 7
1 2017 43 1 45.57 "B" 10.66
1 2018 40 1 120.39 "A" 2.61
1 1953 65 2 268 "C" 15
1 1960 68 2 300 "C" 16
2 1979 120 2 227 "D" 26
1 1948 102 1 296 "F" 69
2 1951 164 1 309.09 "G" 92.73
2 1986 282 2 241.72 "C" 14.63
1 1992 71 2 143 "A" 5
1 2007 36 2 166 "B" 7
1 2001 57 2 220 "C" 11
2 2006 83 1 114 "D" 26
1 2010 66 2 166.85 "B" 6.31
1 2002 34 2 234 "B" 9
1 2017 64 1 53.6 "C" 12.54
2 2001 83 2 219 "B" 10
2 1900 55 1 298.08 "E" 48.42
1 1993 26 2 312.86 "C" 14.22
1 1985 66 2 230 "C" 12
1 1948 97 1 162 "E" 37
1 2017 30 1 74.31 "C" 17.07
2 1960 211 2 320.98 "D" 25.09
1 2004 65 2 174.94 "B" 6.82
1 1989 64 2 165 "B" 6
1 2013 1452 1 36.61 "B" 8.57
1 1970 98 1 204 "E" 47
2 2014 81 1 37.57 "B" 8.79
1 2019 65 1 48.39 "C" 11.32
1 2007 64 2 233.98 "C" 11.29
1 2018 48 1 61.36 "C" 14.36
2 1974 105 2 291 "E" 52
1 2001 45 2 191 "B" 7
1 1998 44 2 222 "B" 9
2 1976 80 1 273.04 "F" 65.42
1 2000 47 2 229 "B" 10
2 2006 122 1 81 "C" 18
2 2006 123 2 147 "A" 5
1 2019 44 1 62.48 "C" 14.36
1 1980 74 1 312.55 "F" 73.14
1 1985 49 2 220.9 "B" 9.82
1 1978 67 2 136 "B" 6
1 2018 48 1 46.91 "B" 10.98
1 1949 57 1 283.24 "F" 66.28
1 1948 30 2 295 "C" 13
2 1989 100 2 266 "C" 14
1 1970 77 2 274 "E" 54
2 1989 86 1 110 "D" 25
1 1989 31 2 248 "B" 10
1 2018 61 1 59.11 "C" 13.83
1 1948 67 2 203 "B" 10
1 2014 62 1 47.06 "C" 11.01
1 2009 32 2 224 "C" 11
1 2006 37 2 192 "B" 9
1 1974 65 1 218 "E" 51
1 1948 72 1 196 "E" 45
1 1947 56 1 174 "E" 40
1 1965 103 1 139.17 "D" 32.57
1 1974 69 1 257.02 "F" 60.14
1 1947 44 1 190 "E" 44
1 1947 80 2 252 "B" 8
2 2009 79 2 226 "C" 11
1 1948 85 1 154 "E" 36
2 1975 153 2 230 "E" 54
1 1948 63 1 266 "F" 62
1 2008 58 1 103 "D" 24
1 2001 48 2 200.24 "B" 7.7
1 2016 43 2 75.2 "A" 2.45
2 2015 119 2 105 "A" 3
1 2013 1128 1 47.15 "C" 11.03
1 2017 59 1 48.05 "C" 11.17
1 2017 59 1 62.24 "C" 14.56
2 1974 101 1 313.59 "F" 73.38
1 1992 52 2 266.98 "C" 13.21
2 2001 110 1 108 "D" 25
2 1948 57 2 301 "F" 68
1 1988 47 2 238.35 "B" 10.53
2 1988 120 1 114 "D" 26
1 1983 21 2 225 "B" 8
1 2004 84 2 225.24 "C" 11.14
1 1900 52 2 245.84 "B" 8
1 1948 68 1 172 "E" 40
1 1965 94 2 282.66 "C" 11.51
1 1989 42 2 264 "C" 12
1 2011 63 2 198.84 "B" 8.43
1 1969 45 1 145.69 "D" 34.09
1 1900 21 2 261.79 "B" 8.52
2 2006 82 2 212 "B" 9
1 2017 87 1 45.4 "B" 10.62
2 1981 99 2 219.76 "B" 8.61
2 1974 134 1 156.08 "E" 36.52
1 2018 36 1 56.1 "C" 12.88
1 2003 42 2 186.51 "B" 6.68
2 1989 186 1 121 "D" 28
1 1974 76 1 256.91 "F" 60.11
1 1989 69 1 157 "E" 36
2 1948 87 1 322 "F" 75
1 2018 18 2 99.85 "A" 4.3
2 1994 109 2 102.51 "A" 5.43
1 1995 44 2 217.07 "B" 8.7
2 1981 143 2 209.51 "C" 11.46
2 1960 101 3 185 "A" 2
2 1962 91 1 204.58 "E" 47.87
1 1998 20 2 326.65 "C" 16.06
1 2012 66 2 59.59 "C" 12.56
2 1948 115 1 285 "F" 66
2 1983 127 2 239 "C" 13
1 2005 61 2 180 "B" 9
2 1988 91 1 89.55 "C" 20.95
1 2005 44 2 219.9 "B" 9.14
1 2006 69 2 150 "A" 5
2 2006 110 2 138.69 "A" 3.01
1 1974 90 1 219 "E" 51
2 1960 53 2 228 "C" 12
1 2015 119 1 46.63 "B" 10.91
1 2019 86 1 40.6 "C" 11.49
1 2018 63 1 60.6 "C" 13.89
2 1956 65 2 295 "F" 56
2 2016 148 2 38.27 "A" 2.03
1 1948 62 1 151 "D" 35
1 2018 59 1 48.35 "C" 11.31
2 1973 170 2 146 "D" 30
1 2017 63 1 59.6 "C" 13.95
2 2007 152 2 208.55 "C" 12.29
2 1900 150 1 144.93 "D" 23.52
1 2006 54 2 224 "B" 10
2 1979 143 3 228.16 "F" 68.45
1 1997 46 2 131.75 "B" 6.69
1 1978 81 1 177 "E" 41
1 1948 58 1 221 "E" 51
1 1999 33 2 329 "C" 15
1 2004 61 2 221.77 "B" 10.68
2 2004 96 2 183.54 "B" 7.94
1 1977 32 1 288.52 "F" 67.51
2 1960 58 2 355 "C" 19
1 2014 62 1 38.34 "B" 8.97
2 1947 236 1 83 "C" 19
2 2017 80 1 41.92 "C" 11.32
1 1947 36 2 171 "A" 5
1 2017 44 1 57.39 "C" 13.43
1 2019 57 1 64.28 "C" 14.72
1 1983 30 2 215 "B" 10
1 1991 21 2 395.7 "C" 19.65
2 1983 113 1 218.29 "E" 38.75
1 1995 24 2 188.52 "B" 6.34
1 1900 59 2 229.02 "B" 7.45
1 1947 34 2 274.09 "B" 8.92
1 2017 68 1 49.09 "C" 13.44
1 1985 34 2 293.03 "C" 13.63
2 1986 90 1 134.09 "D" 23.9
1 1947 66 1 192 "E" 45
2 2017 82 1 27.92 "C" 13.67
1 2001 44 2 222 "B" 9
2 1983 43 2 249 "B" 10
2 1965 47 2 244.23 "C" 11.24
1 1947 77 1 106 "D" 24
1 2020 63 1 53.75 "C" 12.58
2 1989 99 1 133 "D" 31
1 1947 25 1 273 "F" 63
1 1975 62 2 351 "C" 19
1 1974 63 2 268.57 "C" 13.46
1 1997 44 2 250.01 "C" 11.3
2 1970 100 1 199.7 "E" 46.73
2 1978 106 1 324 "F" 75
1 2015 64 1 83 "C" 19
1 2016 39 1 45.76 "B" 10.71
1 1947 35 2 149 "A" 4
2 1947 61 1 224.8 "E" 52.6
1 2006 52 2 158 "B" 7
1 1983 45 2 365 "C" 19
1 1980 86 1 181.33 "E" 42.43
1 1974 51 1 148.87 "C" 15.98
1 1978 109 2 299 "C" 17
1 2006 41 2 195.52 "B" 7.44
1 1948 66 1 186 "E" 43
1 1989 30 2 210 "B" 8
1 1989 48 2 226 "B" 10
1 1994 69 2 213.66 "B" 10.1
1 2008 58 2 134 "A" 5
2 2014 101 1 35.86 "B" 9.01
2 1974 96 1 167.78 "E" 45.97
1 2000 69 2 112 "A" 4
1 2006 55 2 125 "A" 5
1 2017 56 1 56.12 "C" 13.13
1 2013 20 2 218.56 "B" 7.12
2 1975 100 2 272.22 "E" 49.44
1 2005 63 2 211 "B" 9
2 2006 151 1 105.79 "D" 24.75
1 1947 130 2 272 "B" 8
2 1989 80 2 222 "B" 10
2 1988 86 2 386.94 "D" 22.89
1 1900 35 2 219.18 "B" 7.14
2 1962 62 2 576 "E" 36
2 1973 130 1 169 "E" 39
2 1948 100 1 340 "F" 64
1 2007 54 2 221.45 "B" 9.84
1 2015 44 1 42.41 "B" 9.92
1 1989 43 2 251 "B" 10
2 1947 100 2 168 "A" 5
2 1984 92 2 400.74 "D" 23.84
2 1980 128 2 218 "B" 7
1 1947 23 2 343 "C" 11
2 1974 68 1 328.83 "F" 76.95
2 1967 276 3 212.08 "E" 41.93
1 1983 88 1 131 "D" 29
2 2012 90 1 45.08 "B" 10.54
2 1974 63 1 278 "F" 65.05
1 1960 70 1 121.39 "A" 2.43
2 2003 160 2 177 "B" 9
1 1948 73 1 286 "F" 66
2 1947 96 3 154 "D" 26
1 1948 81 1 193 "E" 45
2 1968 87 1 288.02 "F" 67.4
1 2017 48 1 31.83 "B" 10.53
2 1978 123 2 285 "C" 13
1 1948 63 1 198 "E" 46
1 2015 60 1 33.08 "B" 7.74
1 1971 52 1 272.96 "F" 63.87
1 2006 71 2 163 "B" 6
1 2001 52 2 170 "B" 6
1 1990 30 2 322.86 "C" 15.24
2 1948 115 1 271 "F" 63
1 1989 70 1 154 "E" 36
1 2004 36 2 230.45 "B" 9.52
2 2000 67 1 123.28 "D" 28.85
2 1973 107 1 230 "E" 54
1 1989 39 2 170 "A" 5
1 2018 82 1 51.54 "C" 11.89
1 2006 45 2 221 "B" 9
1 1950 26 1 288.68 "F" 67.55
2 2004 119 1 107 "C" 19
1 1948 19 2 540 "D" 29
2 1948 81 2 377 "E" 43
2 1967 165 1 217 "E" 45
1 2007 54 2 212.94 "B" 9.05
1 2016 63 1 62.32 "C" 14.58
1 1980 79 2 224.15 "C" 11.59
1 1947 68 1 155 "E" 36
1 2006 31 2 207 "B" 7
1 2009 60 2 195.55 "B" 8.38
2 2001 125 3 89 "D" 26
2 1970 129 1 228 "E" 53
1 1983 74 2 315 "C" 17
2 1989 120 1 146 "D" 27
1 1989 19 2 230 "B" 8
2 2002 168 1 150.91 "D" 25.42
2 1970 225 2 217 "D" 28
1 1983 46 2 201.87 "B" 8.7
2 2016 91 1 42.88 "C" 11.89
1 1988 83 1 101 "D" 23
2 1989 80 2 223 "C" 11
1 2015 64 1 53.79 "C" 12.59
2 1991 113 2 255 "C" 12
1 2000 20 2 306.85 "C" 13.56
1 1974 40 1 126.95 "D" 29.71
2 1970 135 2 120.07 "A" 4.41
1 2000 45 2 124 "A" 4
2 1989 120 2 164 "B" 8
2 2004 98 2 227.02 "C" 11.45
2 2013 115 2 138.66 "B" 6.01
1 2019 60 1 58.72 "C" 13.74
1 1948 33 1 301 "F" 70
1 1988 31 2 276.98 "C" 11.61
2 2014 85 1 30.03 "B" 7.03
1 1948 54 1 161 "E" 37
1 2005 35 2 126 "A" 4
1 1976 59 2 488.23 "D" 28.54
1 1948 66 1 229 "E" 53
1 1948 54 1 194 "E" 45
2 2008 92 2 211 "C" 11
2 1998 115 2 139.34 "D" 28.36
2 2018 87 1 39.87 "B" 10.94
2 1960 93 2 285.92 "A" 5.35
2 1947 110 1 590 "G" 138
1 1989 58 2 217 "B" 9
2 2004 93 1 124.79 "D" 29.2
2 1947 176 1 132 "D" 30
1 1950 36 1 76.65 "C" 17.93
1 2017 45 2 58.56 "C" 13.7
1 2018 60 1 62.4 "C" 14.37
2 2001 120 2 195 "C" 11
2 1947 65 1 264.24 "F" 61.83
1 2005 54 2 198.73 "B" 8.24
1 1970 94 1 157 "E" 36
2 1947 110 1 192.72 "E" 45.09
2 1994 140 1 135 "D" 22
1 1947 202 1 135 "D" 31
1 1995 32 1 164.31 "E" 38.45
2 1988 90 2 285.45 "C" 16.35
1 2006 44 2 252 "C" 11
2 1989 101 1 129 "D" 30
2 2006 87 2 186 "B" 8
1 1980 79 1 277 "F" 63
1 1960 72 1 226.12 "E" 52.91
2 2001 57 2 183.06 "B" 6.35
1 2003 65 2 242.25 "C" 11.74
1 2018 74 1 45.7 "B" 10.69
1 2006 42 2 288.95 "C" 13.09
1 2001 44 2 120 "A" 4
1 1972 46 1 260 "F" 60
1 1989 32 2 154 "B" 6
1 1951 75 1 109.52 "D" 25.63
2 1999 92 1 114 "C" 18
1 1947 38 2 216 "B" 7
2 2007 70 2 168.84 "B" 6.87
1 2005 65 2 148.87 "A" 5.22
2 2019 80 1 97.6 "C" 14.19
2 1974 109 2 511.63 "D" 32.04
2 1947 150 2 220.81 "B" 7.18
1 1989 25 2 244 "B" 9
1 2001 63 2 155.31 "B" 6.37
2 2001 74 1 158 "E" 37
1 1971 17 2 464.7 "D" 22.7
1 1989 68 1 165 "E" 38
2 2001 119 1 153 "D" 35
1 2018 61 1 42.45 "B" 9.93
1 1967 42 2 225 "B" 9
1 1989 48 2 241 "B" 10
1 1989 20 1 224 "E" 52
2 1974 86 2 301.99 "C" 16.95
1 1999 31 2 148 "B" 6
2 1985 89 1 192.6 "E" 44.31
1 2014 85 1 42.14 "B" 9.86
1 2018 23 2 76.04 "B" 9.5
1 1993 22 2 264.68 "C" 11.32
1 1989 30 2 313 "C" 17
1 2017 48 2 50.13 "C" 11.73
1 2018 82 1 55.01 "C" 12.7
1 1947 20 1 255 "D" 22
2 1947 180 1 92 "D" 21
1 1989 63 2 164 "B" 8
1 1983 30 2 265 "C" 14
1 2014 60 1 42.78 "C" 11.45
1 1945 53 1 139.48 "D" 32.64
1 1948 73 1 157 "E" 36
1 2003 35 2 170 "B" 7
2 2006 60 2 230.18 "C" 11.21
1 2013 20 2 189.5 "B" 6.17
1 1965 35 1 301.77 "F" 70.61
2 2005 132 2 128.75 "A" 5.22
1 1988 33 2 229 "C" 11
2 1977 166 2 296.6 "C" 14.96
2 1995 81 2 284 "C" 14
2 1965 85 2 226.85 "B" 10.94
1 1948 39 1 306 "F" 71
1 1948 36 2 345.62 "C" 11.25
1 2017 41 2 39.04 "B" 8.58
2 1900 129 2 102 "A" 3
1 1974 84 1 145.1 "D" 33.95
1 2006 53 2 171 "B" 8
1 2010 110 2 171.44 "B" 7.88
2 1994 214 3 109.33 "C" 20.49
1 1948 77 1 161 "E" 37
2 2006 164 1 101.16 "D" 23.67
2 2001 83 1 123 "D" 28
2 1973 73 1 163.78 "F" 62.42
1 2017 46 2 42.75 "B" 10
2 1990 157 2 93.12 "C" 16.88
1 1978 63 1 226 "E" 52
1 1975 43 1 152 "D" 35
1 2018 46 1 48.24 "C" 11.29
1 2018 40 1 64.06 "C" 14.99
2 1948 110 1 285 "F" 66
1 2000 68 2 171 "B" 8
1 1948 83 2 182.85 "A" 5.95
1 1988 26 2 154.56 "B" 6.45
2 2014 118 2 45.87 "A" 2.55
1 1948 64 1 161 "E" 37
2 2007 81 2 213 "B" 9
2 2018 95 2 49.1 "A" 2.05
2 1948 66 1 212 "E" 49
1 2016 69 1 43.25 "B" 10.12
1 2008 71 2 172 "B" 8
2 1978 80 2 271.38 "C" 14.59
2 1947 135 1 185 "E" 43
2 1998 154 2 138.8 "D" 22.08
2 1960 90 3 379.97 "G" 93.75
1 2006 41 2 126 "A" 4
1 1988 48 2 423 "D" 23
1 1994 68 2 154.4 "B" 6.02
1 1965 36 1 171.72 "E" 40.18
1 2000 35 2 294.22 "C" 13.8
2 1978 164 1 229.01 "F" 68.7
1 1947 36 2 139 "A" 4
1 1989 66 2 247 "C" 12
1 1991 32 2 213.77 "B" 7.97
2 2002 78 1 152.91 "E" 35.78
1 2017 20 2 203.99 "B" 6.64
1 2006 66 2 135 "A" 4
2 1987 79 2 223.58 "B" 10.83
2 1980 130 1 157.48 "E" 36.85
1 2016 46 2 95.92 "A" 3.43
1 1987 42 2 276.39 "C" 13.65
1 2016 38 1 43.08 "B" 10.08
1 1989 38 2 222 "B" 8
2 1947 152 2 221 "B" 7
2 1900 90 1 115.72 "D" 27.08
1 2014 49 1 41.63 "B" 9.74
1 1970 57 1 171 "E" 40
2 1980 90 1 344.65 "F" 64.51
2 2004 146 1 134.14 "D" 22.52
1 1900 41 1 210 "E" 49
2 1900 130 1 222.18 "E" 37.71
2 2000 142 2 162 "B" 8
1 1994 50 2 163.95 "A" 5.44
1 1900 31 1 164 "E" 38
1 1948 43 1 242 "F" 56
1 1970 35 2 308 "C" 16
1 1974 29 1 70.71 "C" 16.54
1 2020 56 1 39.45 "B" 9.91
1 2005 66 2 292 "C" 15
1 1948 53 1 227 "E" 53
2 1948 70 1 326 "F" 76
2 1948 114 3 380 "G" 114
1 1948 20 1 294 "F" 68.8
2 2000 130 2 206.41 "B" 8.21
2 2006 78 1 109 "D" 26
2 1960 62 1 259.74 "E" 40.09
1 2000 49 2 229 "B" 10
1 2004 67 2 159 "B" 7
1 1989 47 2 189 "B" 7
1 1947 27 2 269 "B" 8
1 2016 57 2 63.9 "A" 3.73
2 1948 107 1 169 "E" 39
1 1989 69 2 210 "C" 11
1 1990 49 2 221.63 "B" 10.26
2 1948 100 2 130 "B" 6
1 1962 56 1 198 "E" 46
2 1984 66 2 184.28 "B" 7.53
1 1978 28 1 293 "F" 68
2 1977 91 2 282.82 "C" 11.47
2 1970 180 2 229.83 "A" 5.33
1 2017 68 1 50.91 "C" 11.91
1 2018 20 2 95.46 "A" 3.9
2 1989 129 1 105 "D" 23
1 1970 35 2 240.5 "B" 10.04
1 1998 77 1 256.87 "F" 58.31
1 2018 64 1 62.9 "C" 14.72
1 2015 39 1 49.07 "C" 11.48
2 1992 81 2 222.9 "B" 10.89
2 1960 69 1 318.8 "F" 74.59
1 1989 77 2 151 "B" 7
2 1991 107 2 228.16 "B" 10.05
1 2007 83 2 263.2 "C" 14.14
1 1973 67 1 261.79 "F" 61.26
2 1988 156 2 275 "C" 16
1 1999 45 2 155 "B" 6
2 2001 170 2 114 "C" 19
1 2019 61 1 44.2 "B" 10.34
1 2001 45 1 133 "D" 31
1 2015 38 2 69.61 "C" 16.29
2 1948 145 1 149 "D" 34
2 2016 168 2 51.79 "A" 2.52
2 1989 89 2 261 "C" 13
2 1983 182 2 212 "C" 11
1 2007 64 2 171 "B" 6
2 2018 79 1 33.41 "B" 9.63
1 1960 18 1 147.14 "D" 34.43
1 2004 47 2 197.19 "B" 8.03
1 2016 68 2 43.05 "B" 10.07
1 1989 55 1 101 "D" 23
2 2005 153 2 60.41 "A" 2.55
2 2007 66 2 266.01 "C" 13.42
2 2012 104 2 196.62 "B" 8.42
2 1947 165 3 128 "D" 27
1 1970 46 1 377 "G" 88
1 1948 61 2 208 "C" 11
1 2016 39 1 42.45 "B" 9.93
2 2002 140 2 134.87 "A" 5.7
2 1947 146 2 270 "B" 8
1 1959 77 1 136.87 "D" 32.03
1 1960 55 3 143.42 "E" 43.03
1 1970 22 1 171.23 "E" 40.07
1 1994 29 2 293 "C" 13
1 2017 39 1 78.19 "C" 18.3
1 1948 87 2 199 "B" 9
1 1974 88 2 107.19 "D" 25.08
1 1972 66 1 135.93 "D" 31.81
1 2014 29 1 40.7 "B" 9.52
1 1989 47 2 296 "C" 14
2 1975 83 1 278.47 "F" 65.16
1 2002 29 2 273.79 "C" 11.21
1 1947 17 2 313 "B" 10
1 2018 41 2 48.84 "C" 11.43
2 1991 70 2 148.69 "A" 5.13
1 1990 32 2 241.87 "B" 9.33
2 2001 187 2 127 "B" 7
1 1991 21 2 313.78 "C" 13.64
1 2013 20 2 190.34 "B" 6.2
1 1947 96 2 274.38 "B" 8.93
2 2014 74 2 55.04 "A" 2.14
2 2019 68 2 225.29 "B" 10.45
1 2016 39 1 47.93 "C" 11.22
1 2001 43 2 182 "B" 8
2 2013 1305 1 40.69 "B" 9.52
1 2006 59 2 161 "B" 7
2 1983 90 2 313 "C" 17
1 2000 43 2 195 "B" 7
2 1989 86 2 228 "C" 11
1 2013 146 2 125.63 "A" 5.07
2 1971 127 1 181 "E" 42
1 1978 67 2 219 "B" 10
2 1989 158 1 147 "D" 34
1 1975 88 2 260 "C" 14
1 1983 47 2 230 "B" 10
2 1948 90 1 294 "F" 68
1 2019 66 2 51.44 "C" 12.04
1 1950 23 1 414.39 "G" 96.97
1 1947 22 1 215.21 "E" 39.32
1 1948 54 2 307 "D" 30
1 1993 22 2 166.13 "B" 7.26
2 2016 86 2 48.94 "A" 2.32
1 1948 54 1 314 "F" 73
1 1948 33 1 426 "G" 99
2 1982 119 2 163 "B" 6
2 2002 125 2 150.97 "B" 6.81
2 1960 69 1 281.49 "F" 65.86
1 1999 43 2 218 "C" 11
1 2006 57 2 162 "B" 7
2 1953 241 1 265 "E" 54
2 1993 85 2 191 "B" 10
1 1990 44 2 182.93 "B" 6.57
1 2006 65 2 164.85 "B" 6.04
1 1948 74 2 106 "A" 4
1 2016 77 1 47.61 "C" 11.14
2 1988 198 1 128.96 "D" 21.02
1 1948 60 2 292 "C" 20
1 1989 81 1 118 "D" 27
2 2012 180 2 75 "A" 2
1 1948 35 1 228 "E" 53
2 1960 87 1 281.6 "F" 65.9
1 2013 20 2 189.07 "B" 6.16
1 1948 41 2 288 "C" 13
2 1947 72 2 549 "C" 18
2 2018 109 2 44.92 "A" 2.12
2 1987 104 2 222 "C" 11
2 2005 59 2 95.1 "A" 4.11
2 2006 140 1 91.45 "C" 20.45
1 1960 68 1 170.76 "E" 39.96
2 1993 124 2 190 "A" 5
1 1969 73 1 144.08 "D" 33.72
1 1990 50 1 180.68 "E" 42.28
1 2018 20 2 53.16 "A" 2.32
2 1948 205 2 102 "C" 11
2 2005 83 2 107.18 "A" 5.58
1 2019 78 1 75.42 "C" 17.33
1 2019 60 1 58.76 "C" 13.75
1 2018 62 1 52.01 "C" 12.17
2 1967 58 1 352.35 "G" 96.54
2 1985 184 1 296 "F" 69
2 1979 150 2 122.08 "A" 3.16
1 1948 78 1 140 "D" 32
1 2001 44 2 138 "A" 3
1 2014 58 1 64.59 "C" 15.11
1 1948 77 1 181 "E" 42
1 1993 68 2 234.69 "C" 11.32
1 2019 76 1 37.7 "B" 10.82
2 1984 96 2 111 "A" 3
1 2015 43 1 38.64 "B" 9.04
1 2000 30 2 402.61 "C" 20.86
1 1960 67 1 214.29 "E" 50.14
2 1989 96 2 275 "C" 15
1 1974 68 1 117.78 "D" 27.56
2 2006 112 1 107 "D" 25
1 2018 47 1 63.57 "C" 14.88
2 2001 139 2 175.33 "B" 6.98
2 2015 82 1 45.11 "B" 10.55
2 1996 92 2 253 "C" 13
1 1974 76 1 190.79 "D" 27.32
2 1983 138 2 117 "D" 23
1 1989 47 2 136 "A" 5
1 2010 19 2 241.34 "B" 7.26
1 1947 63 2 350 "C" 11
1 2018 29 2 121.43 "B" 10.97
2 1975 152 2 254 "B" 6
2 2006 65 2 179.71 "B" 7.56
1 1969 69 1 165.99 "E" 38.84
1 2013 56 1 42.77 "B" 10.01
1 2014 61 1 43.65 "B" 10.22
2 2011 88 2 228.19 "C" 11.51
2 1948 136 3 310 "F" 77
2 1948 112 1 229 "E" 40
1 2017 39 2 48.5 "C" 11.02
1 1989 75 1 110.45 "D" 25.84
